%YAML:1.0


cam0:
  T_cam_imu:
    - [0.9999817612353552, -0.00023273685338723267, -0.00603514955858592, 0.02910176881293301]
    - [0.00020926586156371987, 0.9999924144024931, -0.0038893888044284276, -0.003308029859133931]
    - [0.006036008982482416, 0.003888054916009367, 0.9999742244800782, -0.016912520625810057]
    - [0.0, 0.0, 0.0, 1.0]
  cam_overlaps: [1]
  camera_model: pinhole
  distortion_coeffs: [0.0017002394494499168, -0.0018209194956234284, 0.0007389866716620277, 0.0005987273042336999]
  distortion_model: radtan
  intrinsics: [429.4783460071125, 430.79666147375366, 429.14498450050763, 242.263552170896]
  resolution: [848, 480]
  rostopic: /d455/infra1/image_rect_raw
  timeshift_cam_imu: 0.004471019849534963

cam1:
  T_cam_imu:
    - [0.9999857502272286, -0.0007207600335991035, -0.005289598043443342, -0.06573577742351527]
    - [0.00070444882790488, 0.9999949937025124, -0.0030848536045250583, -0.003404401961071722]
    - [0.005291795001329591, 0.0030810833949203686, 0.9999812517396403, -0.017062501469330086]
    - [0.0, 0.0, 0.0, 1.0]
  T_cn_cnm1:
    - [0.9999996029852, -0.0004909183832207501, 0.0007436589148304757, -0.09482658150854983]
    - [0.0004903178442608461, 0.9999995537551436, 0.0008075134198832229, -9.69856073082385e-05]
    - [-0.0007440550061590289, -0.0008071484700524597, 0.9999993974465651, -0.00013100778868375246]
    - [0.0, 0.0, 0.0, 1.0]
  cam_overlaps: [0]
  camera_model: pinhole
  distortion_coeffs: [0.0039470351616460895, -0.003996694514156234, 0.00048014252750379837, 0.00017671122823091826]
  distortion_model: radtan
  intrinsics: [429.3371770858414, 430.6077978789475, 429.0188576291719, 242.0044865872214]
  resolution: [848, 480]
  rostopic: /d455/infra2/image_rect_raw
  timeshift_cam_imu: 0.0044677872734078874
