%YAML:1.0
cam0:
  T_cam_imu:
  - [0.9999872652195482, 0.0028375805068153767, -0.0041734321122325925, -0.030733128183120705]
  - [-0.0028360432731320937, 0.9999959084043605, 0.00037420995422739943, -0.0046556891398394275]
  - [0.004174476887107535, -0.0003623691546780189, 0.999991221177123, -0.015728791050991377]
  - [0.0, 0.0, 0.0, 1.0]
  cam_overlaps: []
  camera_model: pinhole
  distortion_coeffs: [-0.04164680980876798, 0.031896803198667056, 0.0007780237909769705, 0.0012456146296661278]
  distortion_model: radtan
  intrinsics: [428.34980198853066, 429.1856696914945, 430.84023614141654, 238.88314289259333]
  resolution: [848, 480]
  rostopic: /d455/color/image_raw
  timeshift_cam_imu: 0.0016769030640138242
